Webots Project File version R2023b
perspectives: 000000ff00000000fd0000000200000001000003da000004a1fc0200000001fb0000001400540065007800740045006400690074006f00720100000016000004a10000003f00ffffff00000003000009ba00000091fc0100000001fb0000001a0043006f006e0073006f006c00650041006c006c0041006c006c0100000000000009ba0000006900ffffff000005de000004a100000001000000020000000100000008fc00000000
simulationViewPerspectives: 000000ff00000001000000020000013d000008770100000002010000000101
sceneTreePerspectives: 000000ff00000001000000030000001c000000c0000001460100000002010000000201
minimizedPerspectives: 000000ff00000000fd0000000200000001000003da000004f9fc0200000001fb0000001400540065007800740045006400690074006f00720000000016000004f90000003f00ffffff0000000300000a0000000166fc0100000001fb0000001a0043006f006e0073006f006c00650041006c006c0041006c006c010000000000000a00000000000000000000000a000000054f00000001000000020000000100000008fc00000000
maximizedDockId: -1
centralWidgetVisible: 1
renderingMode: PLAIN
orthographicViewHeight: 1
textFiles: -1
consoles: Console:All:All
renderingDevicePerspectives: shadow:camera_360_1;1;0.447917;0;0
renderingDevicePerspectives: shadow:camera_360_2;1;0.447917;0;0
